pcc,epoch,step
0.14148723146986913,0,0
